TRACE 0 0 0 1 0 32767 32767 -32768 0 0
TRACE 1 8388607 0 2 0 32767 32767 -32768 0 8388607
TRACE 2 8388607 0 3 1 32767 32767 -32768 0 8388607
TRACE 3 8388095 0 4 1 32767 32767 -32768 0 8388607
TRACE 4 -8388608 0 5 1 32767 32767 -32768 0 -8388608
TRACE 5 -8388608 -1 6 2 32767 32767 -32768 0 -1
TRACE 6 8388607 1 7 3 32767 32767 -32768 0 1
TRACE 7 0 -32768 1 0 -32767 0 0 0 32768
TRACE 8 -32767 0 2 0 -32767 0 0 0 32768
TRACE 9 32767 32768 3 0 -32768 16384 16384 0 -32768
TRACE 10 -65536 -65536 4 0 -32768 24576 8192 0 65536
TRACE 11 -8388608 -65536 1 0 12000 -7000 3000 0 -8388608
TRACE 12 4863999 65536 2 0 28383 -23384 3000 0 8388607
TRACE 13 -6754305 32767 3 0 28382 32767 -32768 0 -1
TRACE 14 -8388608 -32768 4 0 28382 32767 -32768 0 0
TRACE 15 8388352 1 5 0 28382 32767 -32768 0 1
TRACE 16 -36574 0 6 0 28382 32767 -32768 0 -32768
TRACE 17 -4387 -1 7 0 28382 32767 -32768 0 32767
TRACE 18 122299 8388607 8 0 32767 32767 -32768 0 65536
TRACE 19 -8388608 -8388608 9 1 32767 -32768 -32768 0 -65536
TRACE 20 8388607 77141 10 2 32767 -32768 -27947 0 3098
TRACE 21 -8249442 -45509 11 2 28725 -32768 -16570 0 23280
TRACE 22 8322151 -33307 12 2 2767 -32768 -18145 0 51074
TRACE 23 8388607 -49689 13 3 2767 -32768 -18145 0 -30028
TRACE 24 53418 77998 14 3 3030 -32768 -18027 0 113225
TRACE 25 -5121529 -14369 15 3 2811 -32768 -17925 0 63727
TRACE 26 7286308 49292 16 3 8285 -29773 -12603 0 116465
TRACE 27 -8388608 24036 17 4 4145 -19095 -6760 0 -45143
TRACE 28 45733 16792 18 5 4145 -19095 -6760 0 45733
TRACE 29 126457 46382 19 5 4145 -19095 -6760 0 17894
TRACE 30 -118770 42947 20 5 4095 -19073 -6702 0 -38555
TRACE 31 -2900334 18720 21 5 3846 -19246 -6623 0 -55755
TRACE 32 -8029152 55142 22 5 3193 -22179 -8651 0 -12415
TRACE 33 -8388608 69636 23 6 1492 -25477 -23462 0 -6403
TRACE 34 70989 -17447 24 7 1492 -25477 -23462 0 70989
TRACE 35 -33226 4638 25 7 1492 -25477 -23462 0 20771
TRACE 36 89746 47307 26 7 1479 -25448 -23362 0 -9064
TRACE 37 -2845994 -84024 27 7 1109 -25267 -23779 0 18427
TRACE 38 8286484 59953 28 7 875 -24214 -24298 0 -4092
TRACE 39 -8388608 32941 29 8 -10583 -24729 -21983 0 -91177
TRACE 40 -8198868 -2416 30 8 -14995 -21368 -21833 0 119659
TRACE 41 8388607 -39715 31 9 -14995 -21368 -21833 0 -38284
TRACE 42 -193307 20505 32 9 -14992 -21392 -21760 0 5180
TRACE 43 -1024430 -6383 33 9 -14874 -21400 -21702 0 -78031
TRACE 44 3325349 -65096 34 9 -20198 -16556 -22024 0 85753
TRACE 45 89140 -79398 35 10 -20198 -16556 -22024 0 89140
TRACE 46 -102701 44806 36 10 -32768 32767 32767 0 -59049
TRACE 47 -8388608 -40786 37 11 -32768 32767 32767 0 -5707
TRACE 48 115560 -53756 38 11 -32637 32767 32767 0 -82273
TRACE 49 3245449 88288 39 11 -32768 31035 32646 0 -80438
TRACE 50 -8356742 28118 40 11 -32768 28878 30439 0 -28776
TRACE 51 -8382978 80115 41 11 -13395 20083 5855 0 63392
TRACE 52 -8240378 6783 42 11 -11161 26644 2876 0 21589
TRACE 53 -8316720 -54713 43 11 -11161 26644 2876 0 -80402
TRACE 54 11250 -77760 44 11 -11259 26830 2825 0 42137
TRACE 55 5039912 -70223 45 11 -12473 26124 4171 0 72500
TRACE 56 8325207 -18976 46 11 -11367 24811 3408 0 -61140
TRACE 57 -112029 -41024 47 11 -11367 24811 3408 0 -112029
TRACE 58 75984 -74622 48 11 -32768 32767 32767 0 94565
TRACE 59 8388607 1875 49 12 -32768 32767 32767 0 -20145
TRACE 60 338932 40727 50 12 -32728 32742 32767 0 33301
TRACE 61 -3051264 -80764 51 12 -32768 32100 32767 0 113764
TRACE 62 -64356 -84561 52 13 -32768 32100 32767 0 -64356
TRACE 63 504048 53768 53 13 -20361 18900 32767 0 60493
TRACE 64 -8388608 22810 54 14 -32768 32767 10367 0 -60080
TRACE 65 -8388608 -79189 55 15 -32768 32767 10367 0 23947
TRACE 66 120449 -49691 56 15 -32670 32731 10455 0 -66675
TRACE 67 2924414 -87914 57 15 -32203 32767 9953 0 -22287
TRACE 68 8187744 21260 58 15 -32768 32315 8601 0 -54424
TRACE 69 -8388608 -19687 59 16 -25456 32767 10274 0 -97368
TRACE 70 8143659 61264 60 16 -27225 -32768 -32768 0 -1892
TRACE 71 -8383526 -72776 61 16 -27225 -32768 -32768 0 -11347
TRACE 72 94029 -80856 62 16 -26953 -32741 -32764 0 -113043
TRACE 73 5576307 27002 63 16 -26837 -32768 -32768 0 18128
TRACE 74 -8330117 34362 64 16 -23949 -32174 -32768 0 88131
TRACE 75 -8388608 68040 65 17 -27154 -9300 -28063 0 -12348
TRACE 76 -8388608 33553 66 18 -32768 -15622 17058 0 -11977
TRACE 77 -8388608 -63379 67 19 -32768 -15622 17058 0 63533
TRACE 78 -268950 36298 68 19 -32655 -15554 17045 0 105338
TRACE 79 74794 33641 69 19 -32655 -15554 17045 0 74794
TRACE 80 97913 31042 70 19 -32655 -15554 17045 0 97913
TRACE 81 -451810 -61256 71 19 -7256 -32768 -433 0 -108696
TRACE 82 8388607 40983 72 20 23845 -32768 32767 0 49734
TRACE 83 -8388608 80701 73 21 23845 -32768 32767 0 -89371
TRACE 84 -468583 6471 74 21 23824 -32768 32767 0 -108000
TRACE 85 -564385 -88011 75 21 23316 -30502 32767 0 24170
TRACE 86 8388607 -39423 76 22 19337 -31411 32767 0 105819
TRACE 87 8189781 82862 77 22 32767 2037 32767 0 106446
TRACE 88 -8388608 -76193 78 23 32767 -32768 -32768 0 -70986
TRACE 89 8251293 -70668 79 23 32767 -32768 -32768 0 -71153
TRACE 90 961434 65396 80 23 32767 -32768 -32768 0 98832
TRACE 91 -4417457 -63274 81 23 31451 -32768 -31695 0 87224
TRACE 92 8060194 59289 82 23 30578 -27837 -26107 0 -15423
TRACE 93 -8388608 -22424 83 24 32767 -26518 -32768 0 -56690
TRACE 94 8388607 -37056 84 25 32767 5536 -24048 0 -97423
TRACE 95 8177940 49756 85 25 32767 5536 -24048 0 39836
TRACE 96 24705 -47419 86 25 32767 5536 -24048 0 24705
TRACE 97 -114373 -25303 87 25 32767 5386 -24289 0 -47656
TRACE 98 8388607 -1675 88 26 32767 5462 -24329 0 -76237
TRACE 99 3357226 -64377 89 26 32767 24184 -12626 0 -32097
TRACE 100 8289475 84146 90 26 -32768 -17028 -32768 0 -55088
TRACE 101 -8044993 18176 91 26 -32768 -17028 -32768 0 59022
TRACE 102 -882371 61905 92 26 -32694 -16920 -32768 0 40506
TRACE 103 -92669 -78469 93 26 -32694 -16920 -32768 0 -92669
TRACE 104 338232 -62360 94 26 -32768 -11409 -32768 0 40056
TRACE 105 8388607 -84527 95 27 -32768 -24325 -2888 0 5304
TRACE 106 8388607 29740 96 28 -32768 -21919 15289 0 -93728
TRACE 107 -8127784 -47023 97 28 -32768 -21919 15289 0 69275
TRACE 108 -767004 -22900 98 28 -32757 -21967 15352 0 -17134
TRACE 109 1133767 -89008 99 28 -32768 -21604 13881 0 94467
TRACE 110 8388607 41010 100 29 -32768 -17910 13210 0 -114721
TRACE 111 -8388608 25223 101 30 -24990 -28949 22299 0 80846
TRACE 112 -8388608 77620 102 31 -24164 32767 -32768 0 698
TRACE 113 -27104 -63482 103 32 -24164 32767 -32768 0 -27104
TRACE 114 -834285 74499 104 32 -24416 32706 -32767 0 -113125
TRACE 115 -5186821 -37537 105 32 -24670 32767 -32525 0 28302
TRACE 116 8388607 -25429 106 33 -23838 32080 -29782 0 -34336
TRACE 117 8388607 -255 107 34 -23807 32113 -29810 0 -32729
TRACE 118 2091178 -60450 108 34 32767 32767 1861 0 -82508
TRACE 119 8388607 -37050 109 35 32767 32767 1861 0 -70234
TRACE 120 634921 -47702 110 35 32767 32767 1978 0 -58726
TRACE 121 2804471 30506 111 35 32767 32339 1467 0 32109
TRACE 122 -8388608 10791 112 36 32767 32669 862 0 17743
TRACE 123 -8057836 49234 113 36 32767 32767 6892 0 44109
TRACE 124 -8317474 -51830 114 36 32767 -2118 -7141 0 -78464
TRACE 125 8388607 -81349 115 37 32767 -2118 -7141 0 119500
TRACE 126 -40065 88313 116 37 32767 -2118 -7141 0 -40065
TRACE 127 458226 19799 117 37 32767 -2308 -6577 0 43048
TRACE 128 -8388608 -18810 118 38 32767 -3081 -5859 0 -30028
TRACE 129 8388607 65232 119 39 32767 -10554 4853 0 99267
TRACE 130 79762 -33125 120 40 32767 -10554 4853 0 79762
TRACE 131 898652 -16886 121 40 32767 -10554 4853 0 -86756
TRACE 132 -133853 72291 122 40 32767 -10741 5024 0 36680
TRACE 133 -3835815 1031 123 40 32767 -10732 5002 0 31657
TRACE 134 -1314134 36342 124 40 32767 -9635 6273 0 54486
TRACE 135 -7662732 -4841 125 40 32461 -10642 5688 0 16542
TRACE 136 8218223 231 126 40 32621 -10584 5880 0 45506
TRACE 137 -7105866 58501 127 40 32621 -10584 5880 0 -10412
TRACE 138 -351867 31518 128 40 32675 -10594 5922 -7880 58049
TRACE 139 -1540859 37259 129 40 32322 -10079 5829 32767 -39647
TRACE 140 -1123628 8815 130 40 32577 -10413 6316 32766 30393
TRACE 141 268762 -76099 131 40 32767 -19236 17825 32766 -9384
TRACE 142 859128 -54637 132 40 -32768 -11413 -7514 32765 88926
TRACE 143 238746 -68174 133 40 -32768 -11413 -7514 32765 59864
TRACE 144 95636 56536 134 40 -32751 -11313 -7365 32767 10528
TRACE 145 -210142 -23035 135 40 -32616 -11371 -7694 32407 -24714
TRACE 146 -699243 7940 136 40 -32749 -11559 -7615 31910 -17479
TRACE 147 80823 -42054 137 40 -32749 -11559 -7615 31910 80823
TRACE 148 311604 -528 138 40 -32603 -12211 -7475 31722 -18184
TRACE 149 -112139 -22631 139 40 -32603 -12211 -7475 31722 -112139
TRACE 150 788546 -20557 140 40 -32577 -12143 -7464 31740 -43818
TRACE 151 549578 -19178 141 40 -32768 -11943 -6952 31222 64943
TRACE 152 -139579 -65453 142 40 -32768 -15997 -4217 27244 13793
TRACE 153 583920 -30934 143 40 -26007 -17625 -11881 13500 -57297
TRACE 154 599863 69811 144 40 26901 -32768 2811 -32768 49669
TRACE 155 -83329 -28294 145 40 26901 -32768 2811 -32768 89997
TRACE 156 -374892 -74982 146 40 27095 -32768 2700 -32768 -87140
TRACE 157 -379888 38046 147 40 26050 -32768 3516 -32768 -115099
TRACE 158 786810 73100 148 40 26932 -32768 -2559 -32768 12658
TRACE 159 -72315 69358 149 40 32767 -29419 -32768 -32768 96941
TRACE 160 -199924 58300 150 40 32767 32767 -21508 -32768 110883
TRACE 161 -683082 77216 151 40 32767 32767 -21508 -32768 -99762
TRACE 162 -977207 -73836 152 40 32561 32767 -21752 -32768 93275
TRACE 163 -393355 -47063 153 40 32767 31720 -20633 -32667 -99526
TRACE 164 -79218 -82695 154 40 32767 31720 -20633 -32667 -79218
TRACE 165 4829 21255 155 40 32767 25296 -28703 -32768 24738
TRACE 166 -354862 -15481 156 40 29767 19452 -9991 -11231 12699
TRACE 167 89397 -51412 157 40 29767 19452 -9991 -11231 -82821
TRACE 168 542055 -53112 158 40 29579 19583 -10012 -11171 118764
TRACE 169 -144006 5973 159 40 29680 19752 -10130 -11164 71523
TRACE 170 -644425 -61400 160 40 32767 15563 -17085 -6595 -57188
TRACE 171 -81928 29798 161 40 31172 9062 -8955 3152 -14024
TRACE 172 1872 12270 162 40 31172 9062 -8955 3152 1872
TRACE 173 35901 39871 163 40 31172 9062 -8955 3152 89325
TRACE 174 -12771 -76233 164 40 31088 8859 -8960 3164 36815
TRACE 175 244467 56726 165 40 31732 9356 -7752 2051 47667
TRACE 176 -3148 25049 166 40 29893 10494 -6873 129 -76968
TRACE 177 204140 30216 167 40 32767 1622 -1379 -3188 69324
TRACE 178 -385408 -71071 168 40 32767 -32768 32767 -32768 -31018
TRACE 179 635016 -47132 169 40 32767 -32768 32767 -32768 108374
TRACE 180 970922 -10813 170 40 32736 -32768 32767 -32743 93874
TRACE 181 98798 3225 171 40 32736 -32768 32767 -32743 98798
TRACE 182 -1135609 -30198 172 40 32767 -32768 30063 -32768 -62253
TRACE 183 -145845 -24173 173 40 28442 -27028 20952 -27131 46892
TRACE 184 -315747 -65002 174 40 32767 -32768 32767 32767 -81795
TRACE 185 891178 85108 175 40 32767 -32768 32767 32767 100206
TRACE 186 56917 67637 176 40 32644 -32567 32602 32726 -60797
TRACE 187 385501 6635 177 40 32577 -32664 32760 32767 -42269
TRACE 188 -871281 -53069 178 40 27574 -30525 32767 27009 98838
TRACE 189 120803 79402 179 40 -1528 -588 19963 7515 -96077
TRACE 190 -490814 -14231 180 40 -10659 20274 -1500 -5621 42046
TRACE 191 347067 -83570 181 40 -10659 20274 -1500 -5621 96020
TRACE 192 -169700 -60882 182 40 -10486 20099 -1577 -5665 -95850
TRACE 193 1110671 70107 183 40 -11912 18496 27 -6780 -85271
TRACE 194 -282068 38635 184 40 -10924 15354 -3505 -7602 26836
TRACE 195 -113070 -51543 185 40 -10924 15354 -3505 -7602 -113070
TRACE 196 -325558 -25906 186 40 -32768 32767 -14114 30887 66694
TRACE 197 617446 56179 187 40 -32768 32767 -14114 30887 99061
TRACE 198 -108514 -69550 188 40 -32768 32767 -14114 30887 -108514
TRACE 199 -115642 56278 189 40 -32768 31310 -12785 29370 -91404
TRACE 200 69921 -79812 190 40 -24724 32767 -4526 27990 -105694
TRACE 201 -329202 -86398 191 40 -32768 32767 25599 -1057 69708
TRACE 202 437565 -66708 192 40 -32768 -32768 32767 11511 98933
RTL_REGRESSION_PASS samples=203
D:\GenericAgent-Desktop-Windows-Portable\runtime\app\temp\anc_window_project\build\tb_anc_rtl_python_regression.sv:250: $finish called at 4240000 (1ps)
